Number of states: 200
Accepting states: 2 5 7 8 9 10 12 14 15 17 18 19 21 23 26 31 32 33 35 37 41 43 44 45 48 49 50 51 53 56 57 58 61 64 65 70 71 72 73 76 77 79 82 87 88 89 91 95 96 98 101 102 103 105 106 109 112 113 115 117 118 119 122 124 128 129 130 131 134 136 138 139 140 141 143 145 146 150 153 154 155 156 160 164 165 167 169 174 175 177 182 184 187 189 191 198 199
Alphabet:  "#&'()*+,./123458:;=>ABDFGHIKMRSTW\abcdehijklnpqrstyz|}
140 41 34 69 36 131 81 178 88 187 94 52 135 153 90 58 102 57 141 156 119 124 149 42 168 45 136 99 149 30 12 190 76 154 49 67 47 78 154 94 179 181 80 18 172 104 34 162 193 49 176 167 61 35 47 59
131 164 50 36 104 61 196 0 63 134 79 188 89 39 53 155 80 55 6 102 116 179 144 73 18 120 190 158 114 86 73 25 161 91 150 76 26 45 124 190 56 49 48 69 192 172 137 32 18 113 7 149 111 4 136 69
162 30 131 176 139 112 91 31 34 108 1 4 100 25 166 104 103 98 55 63 173 43 152 164 188 105 34 84 135 142 29 186 65 64 167 66 21 194 1 74 27 103 7 180 164 45 51 22 149 59 190 89 65 121 153 198
86 164 70 196 57 87 13 27 161 118 35 100 160 102 171 32 144 56 36 15 186 191 101 101 37 37 154 57 182 189 170 122 148 70 73 24 77 193 175 83 44 129 39 31 42 102 66 183 94 105 189 103 173 36 190 98
172 11 148 184 128 171 128 192 195 139 117 159 17 39 10 74 174 164 165 81 9 17 178 165 127 82 42 105 186 155 122 160 175 81 157 79 55 63 107 155 181 34 48 46 190 138 1 13 196 55 54 168 120 68 148 86
17 30 45 99 176 44 135 185 10 119 114 125 44 89 59 66 142 10 149 93 129 79 165 86 198 88 88 51 198 157 191 75 107 192 175 76 136 118 28 45 92 119 53 32 151 161 60 197 55 77 114 188 86 11 84 51
197 40 127 122 176 136 117 174 102 178 158 104 72 100 6 188 72 150 141 75 174 157 25 149 95 191 39 129 192 163 99 60 151 67 171 121 27 118 48 88 118 7 148 40 81 101 153 105 5 2 106 118 71 110 155 45
198 176 109 50 192 103 177 0 3 145 66 81 191 168 135 58 83 126 159 104 58 82 25 165 192 44 137 111 123 14 44 131 31 60 113 164 39 34 160 49 48 160 137 18 189 49 170 4 199 103 172 10 108 9 67 124
7 176 180 182 126 138 131 63 60 153 53 105 57 35 71 157 140 148 61 35 136 131 1 187 144 95 186 152 187 199 150 199 192 179 112 199 139 158 189 189 25 133 174 186 171 127 12 146 15 189 72 175 34 165 36 137
146 196 143 147 42 146 134 18 145 178 105 120 60 198 181 132 122 74 99 55 101 91 115 122 51 49 9 93 164 23 153 112 194 154 2 39 187 139 151 127 79 89 72 23 156 87 143 162 182 88 177 61 27 116 81 120
156 71 85 68 72 97 102 7 113 174 81 54 181 175 113 183 155 181 97 121 21 132 32 60 162 98 137 34 16 188 182 54 83 25 105 42 36 63 110 5 192 86 155 15 127 48 140 103 108 31 160 55 91 95 10 184
30 38 157 160 118 119 41 98 76 196 10 199 136 107 176 76 58 192 17 117 90 138 13 90 37 183 30 173 184 97 83 26 164 174 41 71 26 109 83 182 139 35 65 163 7 119 173 20 120 96 195 153 128 178 149 25
85 4 58 86 193 119 181 161 149 56 4 42 3 150 158 103 44 54 169 141 190 142 39 146 45 199 133 102 39 118 197 133 91 49 151 11 18 33 190 93 81 191 172 191 179 173 39 167 161 75 15 91 165 194 174 113
9 176 133 172 129 172 161 9 123 15 26 195 35 32 35 97 68 147 88 187 111 20 85 36 16 123 174 21 187 144 123 195 190 128 151 199 93 153 138 127 192 7 56 117 13 184 101 153 47 177 130 172 109 169 192 109
83 81 20 128 5 159 71 107 14 111 160 104 108 2 188 106 44 196 198 178 164 192 110 75 192 74 137 175 28 87 98 110 100 189 188 59 177 8 25 67 65 135 169 112 53 198 20 54 126 186 106 170 45 70 141 137
38 146 152 153 32 126 175 7 16 89 67 9 72 133 199 5 137 145 5 14 136 163 1 78 41 173 128 25 194 34 103 86 197 27 163 119 17 59 190 138 72 133 30 154 69 186 90 18 146 78 153 7 45 145 193 60
169 12 95 150 5 104 148 62 187 198 166 92 4 147 129 69 98 33 98 110 41 120 164 161 199 89 153 168 104 107 107 16 180 81 183 40 155 118 138 102 61 152 34 145 199 49 13 64 151 160 136 127 36 152 26 101
109 61 70 105 161 82 80 103 116 48 174 80 63 66 58 142 141 67 91 67 17 77 166 73 180 4 91 115 48 88 196 91 70 84 105 52 79 136 179 17 156 35 190 19 90 25 73 12 154 121 105 126 178 72 71 149
11 74 159 1 175 106 180 11 184 15 84 126 149 8 126 48 162 87 20 36 191 22 140 133 76 120 185 40 159 37 89 172 175 155 192 123 78 107 141 139 140 11 94 42 123 140 139 104 98 43 128 77 96 98 61 195
174 158 91 60 123 197 158 6 52 14 34 145 19 130 62 174 152 136 188 181 153 0 7 16 34 97 50 189 139 94 84 142 158 4 52 55 9 199 157 160 52 56 99 18 199 126 113 198 43 150 46 121 158 186 80 197
26 177 74 119 27 43 158 147 134 111 195 105 90 153 52 84 118 31 80 59 89 199 114 88 194 169 96 118 100 25 81 183 174 8 101 110 50 81 131 79 58 150 87 102 96 10 103 175 70 95 94 76 42 10 191 70
33 98 197 51 80 157 49 135 158 188 199 168 35 171 190 167 0 176 82 59 4 177 56 4 63 116 160 12 110 40 137 115 192 149 180 117 146 6 94 21 162 159 138 119 135 132 64 159 107 113 182 20 198 72 198 65
84 138 121 30 139 24 165 84 8 123 153 189 125 43 79 151 61 177 11 142 170 95 56 76 175 70 106 88 86 117 190 140 173 86 87 128 66 38 162 117 79 181 59 130 161 134 131 1 4 188 35 85 195 61 40 57
116 179 72 51 95 67 170 191 77 32 126 183 101 161 137 163 182 178 4 158 83 77 62 190 62 105 49 72 24 76 91 3 39 58 185 115 125 183 32 58 30 105 82 129 107 192 172 156 35 82 37 178 72 32 25 137
62 176 185 76 187 122 76 110 31 7 140 51 172 134 171 91 161 158 32 169 61 131 166 138 15 162 91 163 164 129 82 84 99 169 31 187 28 17 79 7 136 21 129 43 15 150 11 195 34 74 78 116 114 128 78 25
139 61 191 95 50 174 6 186 28 39 177 59 52 29 185 172 49 134 67 145 72 98 192 191 15 38 174 168 147 189 167 115 182 32 14 165 112 140 193 174 30 14 46 32 0 108 107 160 7 185 15 44 123 10 145 2
168 50 84 12 102 153 136 45 68 61 113 122 154 143 9 88 164 168 112 50 182 25 161 114 181 116 130 33 197 141 128 158 180 190 183 165 24 22 61 89 199 162 100 93 171 14 48 179 189 2 199 46 136 125 85 74
81 91 11 85 125 71 38 120 17 137 185 45 80 165 28 104 48 142 93 147 17 150 26 74 175 124 172 117 142 2 14 182 58 136 159 144 63 136 99 117 5 33 115 69 75 79 166 14 99 155 115 121 101 159 180 123
186 130 106 184 64 172 95 79 11 20 54 112 77 112 118 18 40 6 5 91 161 11 176 148 49 118 162 6 190 194 111 3 145 182 44 26 44 75 55 197 199 43 132 49 99 19 14 105 34 38 36 68 34 154 55 113
154 108 26 181 39 73 128 102 172 195 40 0 133 77 11 49 59 67 178 80 145 183 127 80 80 83 9 58 122 92 123 120 39 40 178 19 128 82 34 164 114 117 185 144 164 198 34 8 121 58 29 109 103 17 187 183
55 139 53 49 70 22 44 49 52 114 16 133 19 183 18 109 136 15 123 161 165 40 155 84 136 64 85 36 184 57 68 135 142 171 65 123 9 26 149 156 82 139 165 191 33 88 183 123 110 55 145 187 16 39 122 198
99 117 132 189 143 124 5 196 190 183 194 53 122 120 147 136 120 34 147 185 135 139 190 108 66 93 174 34 46 125 5 39 85 155 174 51 164 132 192 46 1 139 48 24 198 153 149 18 85 6 102 52 144 68 123 18
31 157 133 24 73 96 147 35 180 76 177 9 110 30 44 182 40 39 145 196 81 79 71 11 196 100 76 162 154 148 82 150 150 137 0 101 178 7 161 97 22 17 19 198 45 183 41 141 80 44 98 193 106 91 152 193
1 29 162 152 74 28 195 110 174 168 43 123 136 71 81 77 45 154 155 155 118 95 35 31 75 148 29 26 28 110 61 144 159 179 12 26 183 165 154 151 39 24 146 41 170 170 152 2 121 135 89 186 111 164 140 98
161 112 128 147 145 149 98 27 77 84 198 5 4 135 173 175 16 4 117 54 161 89 174 23 118 33 160 132 162 179 83 195 82 133 38 137 110 33 4 6 99 85 138 41 187 135 69 110 145 23 83 52 189 149 95 137
50 127 131 43 142 57 139 84 155 175 182 123 134 183 57 120 153 63 84 81 120 180 167 154 44 0 68 36 123 169 141 20 134 9 95 69 14 114 130 48 53 49 118 31 81 164 173 87 143 140 67 196 147 76 122 185
0 55 58 26 151 26 9 48 58 116 190 44 43 179 2 132 123 141 38 168 157 100 103 166 10 68 103 55 106 96 176 49 36 197 50 143 143 143 195 12 144 188 19 83 183 37 74 94 132 92 96 35 85 45 25 156
128 184 160 71 82 26 121 10 62 18 187 178 172 177 174 28 116 153 88 93 123 127 54 182 141 130 71 76 74 23 37 42 173 43 184 94 80 120 97 73 196 87 77 146 57 30 133 146 181 135 148 77 108 161 136 29
8 151 69 57 84 29 49 185 128 34 87 160 109 26 111 73 171 147 199 115 63 67 140 143 99 93 151 157 19 188 65 164 19 53 157 176 74 94 162 153 158 60 192 7 187 9 172 42 125 7 93 22 35 52 72 25
170 175 110 0 21 3 75 48 153 16 32 4 148 112 64 107 26 1 42 35 161 162 158 133 54 40 33 168 75 94 186 110 22 116 181 147 79 182 199 129 69 40 29 167 89 133 103 17 172 56 66 36 40 101 98 26
61 178 91 97 58 109 36 12 94 139 41 155 40 65 55 9 124 28 159 42 186 16 169 36 140 47 7 168 152 54 179 95 77 115 79 160 95 88 37 23 134 103 87 45 184 171 0 40 124 123 87 9 52 147 78 110
63 19 9 100 7 32 178 46 157 199 84 51 33 94 186 181 198 162 139 152 131 156 162 35 98 191 140 110 132 122 138 134 97 196 64 0 189 195 14 129 59 136 77 38 96 53 17 137 47 58 156 91 29 6 38 0
5 162 54 61 5 88 28 156 116 27 123 90 152 100 125 17 7 189 122 165 170 71 113 121 59 135 63 118 100 171 171 181 69 117 158 82 175 54 67 122 156 197 158 57 41 141 163 49 120 178 57 144 29 163 63 92
129 183 184 11 50 132 196 140 41 28 85 66 56 59 182 68 109 127 99 13 26 78 119 151 34 181 167 23 199 89 166 193 93 2 188 150 54 115 162 140 92 42 127 179 46 110 75 51 184 34 113 123 52 149 161 124
190 41 139 141 170 10 184 192 137 199 47 102 0 36 18 155 36 31 120 190 192 176 86 136 6 79 158 183 107 79 107 199 114 162 7 61 43 54 42 26 120 106 101 24 102 185 186 2 175 73 167 34 151 148 52 114
81 87 91 57 106 67 7 162 164 121 174 189 120 96 173 134 104 124 131 159 179 152 92 86 84 2 94 109 134 70 70 73 109 137 36 70 89 71 161 152 63 167 28 170 139 51 19 80 174 193 153 150 103 91 182 67
18 95 142 2 153 117 52 113 52 143 112 61 42 74 46 24 109 128 39 170 46 182 167 185 79 92 6 58 109 14 100 153 45 21 196 149 47 52 178 101 58 88 25 190 24 41 79 184 162 20 36 141 11 116 44 39
164 56 63 181 73 37 147 100 15 128 42 125 8 38 148 177 135 59 13 1 120 66 93 197 116 50 183 163 181 81 54 15 111 29 150 190 62 52 105 44 55 196 172 71 99 115 133 96 81 136 59 49 107 7 41 54
141 128 123 172 86 50 65 73 187 34 167 64 38 146 145 44 91 127 11 143 51 42 122 124 171 71 59 173 134 101 18 20 10 172 21 169 169 104 139 167 88 177 131 138 40 51 92 48 100 96 86 109 70 196 165 173
90 38 54 140 123 84 112 147 7 122 187 11 174 99 18 135 93 165 119 153 131 137 180 178 194 44 33 158 122 48 20 80 31 156 15 127 181 83 171 153 105 146 181 85 61 157 49 193 22 67 27 15 1 44 164 36
29 29 126 60 11 83 85 134 34 93 98 184 134 2 198 177 130 151 107 162 180 65 64 118 92 180 40 161 151 50 113 128 43 126 62 145 157 101 145 144 92 43 50 130 72 102 64 99 6 101 194 133 163 85 98 29
185 141 105 36 133 75 177 103 27 172 60 20 153 170 1 154 97 177 85 25 16 62 47 130 168 23 156 131 81 82 70 58 17 152 123 168 162 27 22 123 118 73 8 117 21 149 107 101 157 74 108 88 198 27 95 177
67 21 43 130 128 66 94 23 102 31 145 158 189 189 40 43 130 150 144 171 62 70 99 121 147 26 10 175 54 156 106 65 47 196 73 130 148 38 150 186 39 197 82 76 147 135 27 111 105 44 164 135 188 83 122 193
33 115 116 116 45 142 135 144 100 154 155 19 109 61 199 14 181 75 20 158 58 93 47 93 197 68 79 19 55 69 60 33 36 176 99 6 179 33 23 155 0 25 186 24 12 39 44 31 25 23 51 119 109 43 150 112
187 111 92 172 78 13 156 131 156 119 50 155 163 35 149 69 123 81 47 38 149 107 43 61 0 95 115 165 195 53 77 111 121 190 21 85 51 38 136 31 149 147 7 194 60 6 3 192 38 49 176 133 191 136 161 175
154 123 140 16 25 152 34 31 187 160 152 29 40 6 126 160 60 133 49 40 173 138 82 48 175 36 23 151 30 59 82 20 52 23 10 39 99 45 32 12 106 67 32 36 85 185 70 96 5 82 48 16 40 124 10 124
85 138 101 81 56 92 56 56 175 32 30 179 48 166 110 116 166 53 89 91 184 68 146 181 110 164 178 25 41 118 181 186 163 71 112 118 171 192 7 174 122 169 4 6 40 162 126 57 177 119 196 79 67 69 74 186
103 29 90 89 132 181 23 64 160 82 64 98 57 4 172 20 119 19 28 167 158 126 16 70 59 28 61 145 69 174 29 109 66 87 40 141 185 114 183 12 172 76 71 24 171 42 7 108 129 148 87 139 37 60 33 180
155 66 166 197 187 56 46 28 26 78 88 169 54 182 139 128 5 35 136 168 193 171 22 27 66 38 166 197 70 81 57 7 175 154 123 39 32 155 27 92 118 6 42 27 47 26 134 153 22 42 24 54 7 104 78 43
14 53 171 85 84 63 73 179 70 4 180 34 175 24 45 160 186 152 77 192 124 59 128 133 168 6 118 30 130 18 24 199 151 128 155 97 178 17 127 67 133 37 157 199 176 30 39 180 152 67 105 190 103 57 78 56
71 183 158 115 79 176 184 7 74 81 164 55 29 113 54 147 32 140 114 36 13 127 16 20 26 35 8 168 192 33 36 151 129 4 169 31 177 66 190 31 29 58 182 113 165 34 75 69 64 178 60 188 199 187 48 36
80 118 31 129 129 100 177 162 70 100 69 115 108 154 66 70 148 0 96 46 102 174 169 157 148 165 190 37 90 196 160 89 69 67 37 125 41 28 40 96 89 29 71 20 105 149 57 36 186 30 163 166 51 171 120 23
44 170 168 121 84 17 27 104 11 20 116 101 120 177 98 126 71 1 157 85 83 80 104 20 60 80 94 128 90 81 131 0 93 91 132 97 13 5 158 78 17 71 63 104 16 136 150 179 191 112 151 104 18 88 73 57
100 25 43 159 99 85 117 94 197 162 146 125 27 199 85 25 78 11 10 142 47 130 35 87 184 167 68 157 55 34 26 88 98 63 10 176 167 43 167 164 122 127 177 190 65 169 44 173 101 149 119 4 122 132 168 3
8 12 50 45 74 12 37 11 57 2 150 131 164 177 78 5 30 156 115 54 23 30 62 102 108 110 36 136 83 157 196 196 176 67 190 187 182 84 69 132 156 187 96 47 173 198 63 72 144 10 126 141 112 114 128 125
79 107 7 73 161 39 86 107 70 155 140 113 58 124 179 102 7 145 191 67 99 168 133 100 33 166 37 52 102 11 179 17 153 187 149 130 56 7 124 182 135 132 0 31 31 76 190 60 121 59 129 15 135 7 49 167
38 184 58 15 165 73 168 188 87 153 187 51 122 139 144 167 48 26 199 182 3 126 96 64 80 166 108 152 3 127 150 54 116 25 145 165 8 76 137 196 59 67 149 109 175 13 80 179 170 165 56 71 117 85 125 114
107 182 189 52 53 114 147 44 21 30 84 154 189 153 192 112 138 22 119 170 20 40 135 41 178 15 128 85 60 88 141 75 147 51 174 77 131 145 0 29 107 35 27 1 138 80 63 23 93 95 150 11 188 186 76 193
169 14 42 189 107 107 101 193 144 123 83 159 120 42 157 38 67 147 151 64 157 39 174 184 71 172 46 193 190 188 154 66 149 107 118 9 18 169 55 102 31 56 150 197 37 67 75 89 93 72 158 48 122 128 107 110
17 148 89 197 197 151 144 29 3 85 65 192 60 4 195 33 115 142 23 148 5 149 104 56 173 82 107 152 165 151 156 119 152 11 38 108 22 36 7 7 32 22 75 151 81 187 52 108 171 161 79 138 185 62 54 56
12 147 82 33 58 159 92 11 10 91 88 168 129 138 76 61 184 112 195 90 125 105 143 38 140 62 148 72 178 26 126 60 81 108 0 117 184 57 16 199 120 191 77 74 154 51 65 51 55 12 86 14 83 37 158 105
130 165 144 52 195 57 120 19 100 5 44 134 197 180 13 184 48 93 72 140 44 21 197 53 169 175 66 17 89 42 4 153 18 195 107 106 89 152 16 8 42 55 42 185 76 125 100 66 90 138 196 14 112 185 163 57
42 100 140 156 161 167 192 57 162 35 163 122 152 8 24 95 178 180 72 46 74 150 179 13 121 187 31 54 106 6 193 31 117 166 116 8 173 57 69 199 110 113 78 83 191 191 14 30 37 189 11 197 48 34 84 161
99 45 68 58 0 186 160 51 88 176 99 198 80 94 4 33 19 106 143 122 153 28 7 41 4 104 110 92 94 108 19 70 116 79 130 52 194 174 196 8 92 104 83 26 76 136 18 46 76 76 47 70 26 151 51 69
44 145 112 148 162 133 106 17 110 99 44 39 38 161 141 176 91 134 114 63 199 176 161 11 18 129 81 21 110 167 160 107 56 59 0 184 168 162 122 33 132 14 79 195 167 64 107 154 121 108 150 35 73 13 136 42
65 100 135 1 145 179 35 165 156 104 82 173 94 46 135 196 57 175 43 35 154 194 69 83 134 69 98 85 95 34 78 131 148 168 16 41 8 34 46 153 184 181 113 39 189 119 141 50 62 81 140 28 181 118 178 18
101 10 141 125 161 13 169 94 148 86 171 162 86 17 199 186 150 21 148 184 143 134 193 85 147 169 88 166 25 7 94 186 113 118 46 157 34 19 10 198 35 151 124 163 1 77 165 3 98 117 34 40 174 169 136 154
15 177 194 2 56 169 43 0 149 25 163 90 56 145 37 194 9 189 120 117 9 101 88 14 105 110 34 162 89 197 30 133 8 183 96 32 163 76 100 153 22 152 1 128 94 136 82 36 152 69 79 79 168 111 67 58
111 129 90 148 46 16 177 131 189 20 55 144 85 177 190 73 14 64 101 49 39 50 191 199 76 46 161 93 164 115 3 183 70 172 18 90 103 40 45 142 89 165 116 14 61 196 116 55 79 117 79 57 133 13 176 90
83 22 44 9 113 88 126 153 137 49 138 65 62 63 187 37 196 8 29 172 104 22 101 156 131 109 168 125 50 199 27 57 116 45 7 10 24 192 91 159 181 171 41 144 103 74 60 10 109 191 20 13 178 91 167 165
109 31 135 111 10 120 66 83 33 119 128 145 24 133 149 68 127 85 191 48 105 46 42 160 37 129 134 70 5 142 21 137 123 21 91 167 38 131 146 87 65 52 88 164 61 163 87 76 30 69 61 126 167 178 143 121
158 2 35 45 179 83 177 2 175 19 81 117 61 43 5 113 192 26 87 167 165 13 47 89 171 72 105 171 13 113 120 38 128 125 159 99 102 22 192 140 162 17 162 129 154 156 61 109 117 186 171 156 175 66 108 122
86 104 64 159 190 5 80 184 45 193 139 88 30 6 126 28 57 15 63 160 17 1 159 12 144 167 70 194 39 69 151 15 30 182 108 36 162 161 95 125 170 102 179 73 145 133 131 54 169 179 133 91 1 97 161 17
63 37 40 75 170 87 90 172 158 120 117 18 190 141 98 126 96 45 95 171 133 165 52 1 183 95 73 35 175 19 91 147 132 170 25 194 183 189 178 17 141 76 186 139 105 19 191 106 78 189 117 74 187 121 160 101
76 26 156 137 127 85 120 13 75 144 20 130 81 174 85 73 116 145 79 121 72 113 39 32 8 15 141 121 119 159 105 162 14 74 24 147 18 148 101 74 168 166 150 36 25 38 48 152 52 108 110 81 49 75 72 63
153 52 159 24 96 49 185 57 127 132 181 80 170 8 155 83 145 119 155 130 153 77 197 178 60 25 158 167 31 46 180 135 142 69 128 157 85 136 52 91 66 150 64 59 93 134 4 39 195 139 189 2 184 131 149 118
118 183 123 29 193 169 199 91 108 56 18 99 122 83 124 129 34 190 1 35 61 1 143 123 170 17 29 17 69 60 178 134 136 99 113 20 17 173 110 59 80 71 107 133 89 113 32 0 199 192 154 96 123 140 174 135
98 124 189 138 25 165 56 64 43 60 69 30 113 117 19 166 138 71 45 3 113 32 186 71 185 132 146 48 62 197 174 122 92 164 49 45 24 44 68 110 5 132 120 52 37 192 49 108 15 14 171 31 83 140 158 81
143 86 79 191 186 116 21 103 171 54 96 66 58 189 97 54 75 106 178 177 192 98 19 56 52 138 196 85 177 137 0 160 98 94 27 167 69 120 163 187 82 27 166 15 59 16 86 88 164 97 70 127 122 72 25 8
11 115 142 109 111 111 172 102 81 125 125 190 131 20 133 186 22 61 10 35 195 38 169 170 49 101 96 15 104 87 20 89 40 180 43 108 0 114 198 19 128 38 132 169 154 129 116 23 175 139 53 152 30 76 173 194
107 197 134 40 126 113 90 95 94 141 106 90 142 32 149 56 77 53 193 198 51 89 58 33 139 25 83 31 48 4 2 78 78 98 168 10 153 138 128 173 103 159 36 67 10 38 39 84 21 14 70 138 164 116 32 59
165 74 130 42 44 140 182 83 152 155 164 5 193 56 2 160 5 3 8 9 166 133 52 55 160 157 172 180 8 156 139 48 101 168 72 132 85 166 83 33 97 118 170 59 50 117 130 54 122 91 20 59 191 83 89 131
119 79 64 85 164 52 69 29 133 69 39 7 131 93 120 175 102 136 156 190 64 38 140 137 0 189 85 104 128 33 134 81 52 8 160 12 198 26 1 1 39 109 138 116 30 164 15 140 59 115 92 50 151 82 142 38
189 105 197 2 148 116 152 47 19 68 101 26 137 178 154 0 38 97 175 143 174 191 42 138 168 129 153 111 30 198 82 44 97 47 155 165 124 153 196 180 149 56 128 183 176 91 86 75 150 159 100 114 119 31 137 64
174 175 168 81 140 122 107 155 175 158 140 3 27 131 51 49 76 6 121 108 130 56 40 47 155 194 54 196 84 108 188 24 133 181 2 61 149 142 22 177 178 129 161 123 37 182 87 112 155 69 46 142 127 5 38 171
58 69 131 120 198 62 190 189 4 171 164 117 161 33 143 173 159 190 54 180 71 141 49 161 159 179 65 182 45 62 20 186 158 27 146 96 32 44 179 53 174 71 165 5 101 45 51 145 136 170 151 96 27 193 58 43
156 30 49 98 186 3 137 64 23 30 116 146 80 147 34 28 8 71 101 106 6 59 142 68 99 139 94 126 44 115 139 133 58 50 167 31 94 132 85 151 62 123 149 139 121 74 57 45 129 42 173 114 95 9 74 166
77 126 124 84 75 1 171 97 158 75 60 76 12 70 188 2 9 124 46 30 142 147 16 82 131 91 46 139 143 66 14 135 159 3 122 30 89 171 163 12 138 26 103 43 86 156 135 17 6 141 111 17 120 151 175 109
13 182 135 154 31 77 182 5 167 62 114 110 169 183 147 154 63 86 54 7 5 163 53 162 191 16 73 90 184 118 182 152 51 98 139 66 4 183 190 156 83 148 129 50 48 12 199 166 45 77 181 135 182 25 40 89
91 194 13 100 34 153 141 176 189 55 94 123 107 84 81 167 133 87 129 17 144 140 76 89 100 137 183 90 181 80 37 153 117 111 10 29 128 189 148 93 69 70 77 156 119 80 166 17 19 72 89 125 25 16 184 158
64 1 189 131 83 126 150 19 66 23 188 167 138 191 8 181 184 176 33 141 78 167 158 134 11 139 142 110 177 14 164 79 108 181 146 182 92 185 123 168 123 145 81 98 170 89 16 29 57 194 46 10 97 103 103 173
191 12 82 50 1 176 199 64 119 145 90 187 84 89 55 193 69 25 2 190 51 158 117 101 159 146 137 181 166 127 9 61 148 24 128 51 119 45 146 143 64 198 4 54 198 172 61 191 193 39 126 97 184 126 138 12
46 28 105 126 60 56 73 163 29 12 49 189 98 87 193 46 35 168 162 65 165 179 195 153 8 119 179 161 66 131 187 38 27 29 95 67 17 32 7 112 47 98 149 3 93 195 132 144 68 183 54 89 86 89 99 44
70 195 45 31 175 9 135 129 69 101 13 110 130 37 159 174 138 28 11 51 98 190 164 177 42 61 199 58 139 147 121 79 2 76 173 177 124 22 59 154 19 182 60 103 111 76 131 56 72 7 100 21 129 5 115 32
166 190 146 35 143 11 168 96 20 46 105 20 179 128 165 61 61 169 117 136 161 116 1 63 124 91 130 102 4 57 188 109 128 15 152 165 49 118 8 118 67 90 1 169 46 81 83 55 104 138 55 163 20 91 33 101
192 71 90 103 56 111 125 143 38 25 54 1 80 154 122 15 43 51 88 55 19 80 34 97 193 121 83 64 120 71 195 17 72 119 24 39 54 130 99 0 45 136 23 118 12 145 8 159 51 2 112 86 4 47 167 25
57 130 32 33 118 98 165 191 185 121 84 74 42 12 31 145 127 186 99 109 96 53 20 170 135 151 95 0 103 47 170 190 74 133 74 0 127 173 140 70 64 178 129 108 192 115 19 79 169 15 15 57 119 196 68 63
26 173 117 125 59 149 59 114 178 77 176 191 138 122 147 145 84 185 194 138 182 77 0 39 16 60 10 196 108 175 59 84 197 60 192 53 81 19 32 67 186 72 188 109 131 14 138 72 158 191 114 68 178 15 132 76
1 143 119 52 177 8 187 142 117 9 166 13 126 160 98 67 57 11 67 53 182 46 197 45 78 23 11 72 143 18 195 0 62 161 53 162 15 195 168 139 5 19 116 53 147 77 182 191 182 154 137 74 52 193 137 100
13 102 141 19 154 25 118 89 125 179 165 82 110 176 126 88 197 133 168 136 13 97 199 114 197 156 83 53 180 119 197 80 62 116 199 61 47 195 132 78 76 22 196 170 23 116 31 130 11 189 21 32 189 113 2 166
30 45 180 17 157 51 134 128 160 86 185 63 60 65 33 106 11 69 114 58 199 99 170 147 18 10 76 124 89 173 99 1 78 59 58 187 198 117 19 38 35 98 131 4 16 189 85 144 56 144 130 98 17 36 184 64
15 108 85 24 191 10 55 0 3 19 104 55 101 49 22 140 126 11 190 26 99 177 32 181 77 12 3 100 186 182 137 152 3 21 3 82 19 1 46 77 75 170 192 197 198 146 100 41 149 45 179 48 163 11 139 88
161 178 135 39 180 173 143 19 69 179 155 122 91 71 107 16 123 160 58 113 4 5 84 97 15 145 88 28 50 157 155 50 185 78 141 59 14 72 37 0 75 185 7 68 137 39 139 25 31 74 3 8 45 106 59 142
10 12 49 188 27 165 94 65 150 178 9 48 65 130 192 42 44 30 53 186 77 91 193 7 55 20 34 191 190 175 146 153 124 123 61 99 36 50 150 11 6 73 150 97 27 161 186 180 155 133 111 28 74 102 126 51
71 165 140 21 167 195 176 164 29 16 176 110 67 169 20 191 54 84 25 146 116 23 18 108 41 104 124 193 144 88 130 47 50 121 2 72 169 189 170 121 23 156 52 51 138 84 159 38 21 60 65 107 12 127 165 150
90 133 180 177 40 104 37 116 69 182 38 43 63 66 109 188 16 75 155 81 2 111 58 94 116 73 164 170 41 45 196 117 50 110 36 51 95 75 87 156 138 112 86 88 71 28 107 187 77 89 131 196 59 63 39 159
175 125 75 192 101 135 28 168 41 162 51 28 144 67 83 20 171 185 22 83 63 40 74 96 34 90 34 98 198 71 79 106 165 145 173 69 31 87 127 154 66 123 34 51 193 93 2 0 172 173 5 130 126 64 189 79
23 116 110 114 40 5 149 73 187 194 119 189 115 74 165 168 126 29 102 76 177 167 194 139 159 188 70 182 136 159 60 165 98 189 52 79 111 177 184 114 46 167 93 61 33 15 18 185 48 134 41 175 65 82 44 59
117 70 146 113 7 139 84 78 189 141 2 72 23 33 172 29 104 99 130 42 156 60 12 90 100 154 85 130 40 41 10 8 72 35 15 106 148 97 108 101 121 104 26 109 176 129 62 56 108 167 25 27 71 181 122 16
131 43 4 51 51 12 135 32 1 60 104 87 2 96 85 91 176 185 138 94 71 109 1 140 105 98 132 33 61 178 10 58 95 183 198 89 17 135 127 156 70 134 7 81 174 117 30 136 120 13 191 130 148 154 189 65
127 75 149 163 16 1 21 96 91 113 103 162 12 56 115 97 100 45 58 2 58 170 167 159 175 55 129 80 28 31 61 161 159 42 182 50 92 80 16 6 6 70 10 183 107 107 181 188 159 33 16 182 52 77 185 165
56 23 89 92 89 26 87 73 89 116 197 83 8 173 163 166 54 67 193 101 180 20 157 23 187 179 8 118 60 10 78 29 147 45 79 174 37 66 95 109 129 191 164 117 86 26 165 159 130 193 41 44 198 80 198 124
151 54 191 169 195 94 98 138 143 111 104 137 12 128 24 50 23 51 171 165 130 146 46 167 58 36 112 75 57 18 33 126 22 119 56 69 163 173 91 165 43 105 52 183 101 41 188 134 128 81 38 168 49 185 177 162
50 134 186 46 97 140 179 182 89 170 68 179 49 44 138 101 192 102 53 54 169 168 172 107 79 73 109 154 122 43 54 191 65 157 31 67 175 199 35 84 97 136 136 175 182 47 198 18 83 49 181 45 105 84 48 44
126 44 131 72 3 177 120 55 174 101 188 80 8 94 146 10 112 133 25 58 2 126 35 87 11 114 27 164 190 140 9 41 60 144 114 12 162 29 141 84 25 25 50 38 90 124 138 188 26 63 197 6 17 43 161 138
77 18 32 153 75 11 135 74 5 173 83 108 82 67 21 105 120 199 169 191 58 64 31 175 173 61 192 152 144 69 58 58 54 37 74 68 77 141 172 131 1 192 13 17 81 135 171 102 186 188 55 183 42 193 16 62
193 104 39 194 147 22 11 144 0 187 21 116 94 167 41 110 61 140 43 90 82 17 123 80 157 155 3 53 72 147 18 94 8 60 7 144 71 186 33 92 124 75 141 42 37 36 164 188 4 151 84 113 33 124 95 10
55 96 15 42 53 122 112 13 41 90 190 96 155 179 191 136 16 132 74 185 71 113 117 159 168 65 109 142 50 175 198 182 84 93 143 109 8 108 135 18 154 108 23 141 150 89 22 27 117 125 62 78 181 170 104 46
111 54 24 112 22 15 196 40 13 101 135 52 82 67 151 46 19 180 40 104 117 178 157 163 156 36 142 117 150 169 154 75 175 31 30 127 137 23 107 22 177 156 96 143 26 141 98 71 17 185 164 14 25 40 38 152
27 22 196 179 56 132 137 120 42 175 167 143 69 52 165 90 174 108 57 156 26 6 109 124 169 17 27 13 34 133 28 137 37 152 165 98 180 199 112 125 165 50 144 116 90 172 10 50 169 182 151 118 21 62 198 131
191 50 35 184 174 163 27 146 190 17 117 104 40 172 83 189 174 23 155 151 35 127 44 180 98 67 108 57 172 160 28 74 178 137 61 28 114 43 79 2 40 116 83 109 29 53 97 19 165 87 177 117 1 9 25 34
86 24 152 57 1 168 45 166 24 75 77 58 120 102 82 69 188 119 148 160 181 63 143 57 168 183 58 52 92 45 9 156 154 127 7 128 102 75 85 149 62 16 16 33 110 72 91 147 135 105 102 144 146 55 192 174
92 121 86 49 101 192 142 183 142 126 125 171 110 134 159 15 38 123 176 121 91 126 121 5 195 78 155 49 85 14 51 38 52 7 144 125 42 50 1 40 130 34 9 164 43 143 106 38 115 184 54 96 100 87 150 71
152 51 8 85 179 144 138 42 169 64 154 169 10 192 179 134 66 146 157 42 108 166 15 31 199 75 118 68 126 92 11 151 178 20 184 159 58 41 84 112 155 159 97 71 94 194 18 38 95 177 111 194 71 186 132 123
102 172 12 39 125 34 94 103 107 99 126 13 41 61 58 79 174 128 133 143 28 94 195 174 95 30 119 57 100 5 128 155 29 15 98 198 34 48 135 156 149 138 146 109 97 170 109 118 82 6 89 108 79 154 47 187
114 89 101 131 164 76 41 191 98 122 32 45 66 177 9 165 177 120 139 182 21 188 40 167 148 47 45 178 85 40 151 119 11 136 39 85 111 175 0 58 182 56 77 47 5 93 20 118 57 24 159 142 126 113 92 1
148 62 98 120 125 109 48 66 5 197 59 83 103 14 8 194 187 40 46 126 185 180 182 186 127 73 149 38 153 42 164 89 148 138 16 190 137 122 18 44 23 8 137 11 118 88 110 124 56 23 189 78 68 86 9 16
146 55 136 172 92 175 48 111 57 77 77 63 176 55 194 141 155 15 108 110 24 60 24 55 0 99 104 29 105 36 93 171 178 16 188 84 29 8 185 48 59 20 183 34 11 134 138 63 111 195 91 120 119 192 154 84
63 178 197 17 197 3 183 10 148 33 24 75 99 18 50 146 34 182 176 9 167 178 150 177 181 199 16 26 25 105 66 132 110 199 161 8 42 55 65 117 136 163 188 4 64 131 55 40 43 184 28 176 103 159 35 151
5 131 169 121 69 180 142 97 149 7 3 43 75 146 133 175 137 66 89 32 2 81 79 155 6 83 13 51 40 72 14 83 40 42 45 60 12 100 107 123 77 167 103 25 95 94 163 177 167 2 187 28 13 157 111 75
48 9 179 20 121 22 78 29 31 57 5 37 55 31 130 92 160 42 2 24 97 199 183 94 25 109 58 127 46 39 130 181 32 98 188 50 21 16 99 22 192 24 54 159 7 134 189 32 139 13 36 24 174 41 141 75
16 50 198 153 133 19 96 54 163 28 54 86 87 181 183 89 188 192 20 131 122 122 22 148 62 149 93 3 33 136 67 100 114 145 107 188 154 118 167 158 181 55 58 36 135 85 171 161 14 9 48 147 98 156 136 170
154 36 15 37 186 149 39 174 90 67 119 11 0 179 42 83 22 48 154 28 176 74 185 174 93 157 104 88 150 174 4 126 6 50 131 141 137 183 45 166 92 27 99 81 71 61 124 61 67 31 154 59 185 128 130 74
60 97 183 129 40 159 120 23 198 180 25 146 68 17 34 192 174 119 99 189 174 15 1 52 64 115 8 116 18 117 37 3 164 53 139 49 184 54 39 161 51 109 40 100 102 21 81 45 86 158 72 56 151 143 161 99
30 145 54 88 165 186 151 196 169 117 11 151 113 1 81 156 3 36 16 103 72 23 133 166 11 83 150 198 113 61 18 54 34 132 169 157 43 143 78 54 58 179 173 90 12 31 11 190 126 158 166 81 72 47 65 62
161 34 177 138 199 32 169 167 160 1 96 164 137 163 66 128 37 183 185 103 18 83 191 174 53 97 184 183 100 10 124 69 124 15 10 88 141 99 167 56 142 127 58 73 75 105 142 88 156 9 53 154 189 71 109 138
54 179 87 115 98 82 83 155 66 23 69 173 158 104 123 137 185 181 156 196 151 144 198 189 19 85 9 77 34 77 171 133 126 66 100 105 82 15 175 74 89 158 59 124 56 94 26 26 65 171 58 124 182 15 116 131
105 16 91 34 117 195 76 157 18 34 67 198 53 126 143 162 38 7 143 122 52 11 86 12 199 186 63 14 16 169 50 17 195 145 39 174 19 102 57 198 87 7 100 188 16 55 77 74 65 2 80 99 5 184 5 99
7 143 61 184 169 145 150 99 197 141 198 2 173 78 98 102 77 42 167 77 181 171 149 170 49 62 22 2 176 90 64 116 41 28 69 68 119 52 38 26 82 109 135 157 62 152 20 152 133 155 110 169 52 159 148 43
162 198 72 106 192 122 132 1 2 149 59 68 126 68 123 79 14 124 58 92 85 100 145 75 138 13 0 93 115 54 117 96 103 2 100 86 134 31 107 147 128 75 168 180 102 50 76 108 196 99 159 163 187 169 27 159
85 164 130 63 18 50 176 55 69 115 118 154 43 165 71 125 70 191 193 104 22 158 145 56 110 71 151 30 160 49 162 3 171 125 138 64 131 168 56 136 192 159 123 141 131 190 69 71 135 141 70 141 175 189 15 185
64 13 129 56 105 175 163 170 129 17 169 76 13 81 19 148 127 57 92 42 24 8 13 47 23 80 44 160 156 131 124 91 148 81 32 19 163 73 113 75 78 55 171 25 57 19 86 50 90 21 37 123 111 152 7 68
126 27 15 164 98 25 122 15 85 171 20 33 14 44 193 182 13 181 24 169 35 15 54 42 54 118 27 74 108 180 196 102 121 9 180 119 49 42 175 150 91 119 57 166 41 81 72 26 13 158 11 14 32 34 13 108
1 117 65 125 149 148 37 134 132 119 47 183 190 74 22 43 40 14 12 81 57 133 183 152 89 8 114 67 69 57 70 101 120 98 127 26 82 80 89 6 176 164 150 4 192 135 77 184 32 141 158 166 105 196 162 73
149 100 54 112 119 22 151 75 66 156 57 167 90 118 36 123 186 24 132 5 12 78 78 104 60 53 193 85 19 154 164 152 3 194 161 128 16 141 22 154 171 61 31 172 120 66 19 126 111 198 129 153 41 129 186 53
89 63 67 32 55 53 149 98 92 132 182 129 155 74 193 57 105 11 71 40 39 23 1 44 1 67 128 107 79 125 30 180 33 68 112 184 83 107 47 183 44 80 123 48 81 62 26 156 101 148 126 146 195 196 50 3
162 143 13 46 65 173 198 107 136 191 196 78 56 156 85 82 159 24 26 141 69 132 139 189 20 156 12 1 104 13 48 14 100 30 3 87 38 21 80 197 64 157 176 176 31 50 195 29 130 12 178 31 3 56 7 108
181 36 110 65 144 14 115 125 135 179 162 176 43 37 154 16 191 90 162 150 70 77 194 192 85 48 66 81 35 186 62 177 42 151 126 119 178 39 69 47 199 147 109 167 84 110 24 87 194 34 101 173 97 130 33 171
59 140 151 198 144 36 194 17 31 52 8 95 182 194 192 147 112 55 197 180 7 156 102 45 55 108 159 108 29 107 21 112 0 198 195 172 82 141 138 88 35 178 131 64 190 117 35 109 37 146 97 141 36 145 40 82
157 177 19 114 69 58 120 145 196 77 3 47 16 73 73 120 43 131 31 74 68 25 133 167 9 150 44 8 40 131 10 185 196 154 190 154 67 160 17 33 41 80 122 19 155 121 112 190 40 29 10 156 187 46 150 8
54 139 90 174 54 8 126 73 190 27 22 113 44 39 63 152 18 4 158 173 72 132 184 142 57 31 94 176 123 152 145 42 175 195 26 154 124 69 124 128 91 114 138 18 191 123 186 82 23 38 33 145 19 24 26 47
76 142 51 55 75 166 57 145 126 167 100 55 13 81 179 14 102 38 167 72 25 143 83 118 109 20 86 23 132 51 163 17 86 191 176 35 90 166 119 167 56 40 13 127 33 179 178 100 5 133 95 187 17 58 173 9
160 132 93 176 25 138 190 54 194 85 129 110 14 176 88 112 142 192 103 96 126 65 135 170 178 174 123 134 181 136 34 2 1 154 139 115 76 178 49 51 90 41 136 109 52 42 7 91 94 68 13 178 83 23 57 134
34 133 136 188 140 55 6 121 26 169 8 85 111 191 5 31 169 92 51 144 51 0 174 136 38 138 150 80 9 52 154 26 147 58 78 191 143 157 67 156 67 15 28 96 170 50 23 139 199 168 176 103 195 29 53 193
85 68 18 75 124 4 104 4 193 187 147 116 166 131 88 70 179 187 30 74 68 64 35 66 54 54 142 110 16 97 192 176 73 185 146 66 9 45 54 38 190 172 86 40 161 41 150 135 66 97 160 57 51 129 12 31
190 123 152 36 26 188 72 1 187 147 96 128 190 119 82 198 146 145 99 21 188 186 42 80 27 176 14 113 41 145 130 0 180 148 83 173 59 28 176 75 164 110 62 34 171 131 195 35 4 102 66 188 103 102 30 158
136 136 15 95 166 185 134 48 7 84 142 159 36 184 179 169 172 99 142 63 195 146 184 151 199 108 175 133 114 1 196 39 147 69 125 129 95 142 1 172 1 129 198 63 41 69 165 151 67 80 10 189 61 95 19 74
112 41 59 112 110 151 53 16 35 114 185 128 50 127 198 45 141 165 55 127 16 121 165 93 133 26 65 151 75 98 96 118 135 148 147 150 45 91 130 31 53 162 199 44 20 138 41 10 199 64 199 64 173 78 114 47
1 95 162 109 39 98 32 143 29 137 124 160 98 182 30 30 35 115 49 152 62 87 49 31 51 181 97 15 21 37 134 188 41 199 39 178 190 112 103 107 101 85 0 163 99 6 64 120 13 0 145 61 191 97 197 71
30 116 164 60 108 5 40 29 139 79 117 147 175 192 37 115 69 86 90 114 111 92 153 64 68 27 111 162 169 154 166 33 40 55 83 188 184 37 171 6 149 180 194 76 168 0 50 58 145 109 7 43 94 87 104 182
117 103 5 3 76 27 94 130 123 184 187 27 77 59 34 130 129 25 122 79 27 95 26 150 9 190 159 191 121 62 162 182 115 98 177 105 180 155 115 11 177 82 4 22 186 86 82 11 48 189 163 191 198 39 156 64
1 52 60 68 72 61 129 197 198 151 60 98 195 185 9 123 131 187 57 180 86 121 108 150 80 183 143 7 56 7 110 149 2 47 154 103 85 181 161 159 51 143 194 101 30 90 39 24 73 39 34 67 164 48 165 0
173 120 75 15 184 20 71 58 130 119 41 10 78 97 134 175 199 8 189 22 129 134 92 137 31 199 2 164 149 10 105 101 193 106 184 105 102 84 106 57 136 105 22 160 42 123 85 39 139 198 125 102 110 14 13 49
107 145 0 74 82 176 44 177 158 8 1 159 132 144 189 138 3 51 50 59 187 108 24 148 188 4 76 182 180 53 40 52 71 39 75 99 181 196 49 108 38 142 55 25 103 156 171 17 51 58 186 31 71 76 18 148
171 22 85 5 57 169 36 40 98 75 92 58 143 47 146 71 43 149 46 175 3 165 3 141 41 156 79 11 180 100 52 198 30 69 63 53 75 95 18 30 171 102 194 76 140 164 152 149 87 176 196 141 67 100 92 172
194 97 142 146 89 117 156 149 66 55 125 14 183 171 83 51 30 19 28 19 54 157 30 110 129 63 99 36 9 186 122 80 199 181 143 96 75 177 113 147 105 105 65 173 133 194 35 57 174 50 29 96 13 28 66 58
96 20 142 54 94 59 14 120 137 5 113 154 108 37 29 154 104 23 60 54 163 36 2 199 26 193 65 110 145 157 168 47 83 116 23 57 154 106 129 14 4 35 51 60 102 189 85 88 72 23 119 172 67 122 164 133
141 145 141 70 58 197 188 171 133 60 45 139 44 111 32 17 136 109 151 32 133 24 161 83 30 192 154 34 162 71 60 77 174 1 66 58 126 141 169 24 94 186 101 75 36 115 89 183 43 163 33 97 129 40 22 171
94 19 198 63 43 2 15 113 103 35 172 58 95 88 13 21 59 143 43 149 62 193 22 127 143 78 85 36 118 182 192 76 190 69 51 157 27 1 143 26 1 47 9 32 109 190 67 101 79 178 133 69 90 40 110 180
100 168 17 30 146 30 191 38 98 106 63 182 194 58 62 0 64 194 82 165 46 90 141 87 61 125 82 60 149 71 131 32 69 171 123 115 166 113 43 147 125 167 157 88 116 155 2 45 196 193 158 159 73 155 41 26
139 194 175 39 87 138 159 184 140 88 155 144 185 68 168 106 102 91 175 172 174 31 9 82 43 2 35 85 122 180 128 191 30 60 181 175 180 155 106 79 94 133 105 159 183 140 132 101 17 197 74 160 179 98 152 159
185 74 66 98 174 102 0 56 64 150 142 129 76 143 113 39 150 117 198 64 101 114 180 104 174 8 47 25 168 31 19 125 179 88 144 96 67 184 192 143 194 41 158 74 180 179 85 87 32 150 0 111 182 188 40 87
180 134 82 41 101 114 21 36 156 56 48 55 115 198 8 30 89 43 46 3 186 165 77 176 23 179 124 89 0 87 93 56 60 198 56 163 151 50 183 15 78 109 53 102 45 94 165 40 196 97 193 12 42 111 28 98
139 42 61 123 32 108 28 10 4 116 67 46 77 139 144 51 135 49 90 56 156 52 168 90 97 66 92 71 66 28 140 199 95 153 10 175 116 14 56 113 42 33 97 185 198 114 44 46 13 192 178 125 182 32 101 14
27 131 55 171 97 133 6 182 180 113 24 160 62 55 7 191 146 0 111 99 49 145 16 4 104 169 10 59 186 102 146 55 82 181 25 162 187 72 188 109 134 145 162 162 138 34 192 44 64 106 93 44 40 98 172 63
175 18 198 56 156 63 124 27 5 115 163 160 140 55 136 90 134 53 158 60 115 113 148 78 178 166 117 148 191 171 186 81 185 44 79 132 31 56 153 42 46 132 123 52 185 198 163 181 175 12 91 59 187 47 141 164
97 50 150 94 76 178 182 52 169 156 188 42 34 60 139 117 6 131 114 165 98 188 162 157 163 80 170 35 50 172 155 3 75 174 94 22 41 9 6 77 57 182 78 64 24 181 175 138 159 111 44 36 58 157 173 97
7 136 133 174 48 16 48 123 157 28 162 172 29 143 12 179 166 54 12 133 167 20 181 100 148 65 50 148 151 66 96 54 19 146 150 34 92 58 179 190 160 69 90 152 84 133 29 56 32 178 12 38 17 42 48 121
166 83 116 158 12 106 54 122 112 49 134 96 39 121 9 138 174 54 77 140 56 150 42 85 102 70 161 174 125 24 21 112 115 148 73 101 106 12 100 196 109 179 176 143 38 106 181 21 99 132 173 124 190 87 57 69
181 176 77 150 49 92 192 34 39 143 85 80 158 193 177 130 49 103 170 126 147 160 160 80 109 179 192 67 109 135 70 25 128 161 38 154 93 54 22 9 144 147 122 139 16 164 22 187 4 188 166 49 108 188 157 138
142 90 64 102 92 112 37 121 109 180 71 177 56 110 186 8 86 141 112 12 59 9 115 85 93 197 123 159 1 199 18 6 124 119 122 71 139 68 133 56 106 19 100 192 103 60 38 11 51 10 88 59 50 141 182 134
4 6 175 139 48 190 195 10 17 168 21 83 126 36 14 184 175 16 57 194 43 91 0 129 103 148 12 85 124 84 144 171 120 149 109 14 100 75 76 144 199 133 198 8 158 64 179 82 163 57 47 189 133 67 173 3
116 159 186 135 19 166 7 190 147 91 149 59 79 140 0 134 72 193 164 11 8 199 122 64 173 143 79 48 92 186 73 166 184 170 153 177 55 27 11 165 146 121 154 17 92 150 40 129 0 156 130 4 148 138 191 141
89 43 57 116 38 146 184 80 10 30 174 167 143 36 116 165 73 176 124 123 108 182 55 104 71 151 68 144 74 43 37 119 50 111 123 72 33 88 41 139 173 120 0 188 145 126 142 70 115 90 119 34 102 107 124 88
196 177 111 49 19 17 162 150 184 189 76 160 150 27 132 144 176 64 22 185 73 141 56 175 136 166 81 167 170 4 40 112 32 192 185 61 160 143 71 21 85 77 131 57 155 76 119 144 172 32 109 165 24 194 101 192
129 176 76 147 104 9 190 172 32 69 177 29 15 192 113 92 159 87 158 119 108 159 90 152 64 154 32 197 164 139 85 146 164 86 40 55 139 115 98 114 128 83 135 130 136 86 125 175 110 165 65 68 173 102 127 23
95 129 171 78 51 60 102 67 145 10 135 192 158 194 142 141 141 70 11 19 180 32 171 60 88 93 52 45 155 29 97 11 6 135 8 191 195 69 13 170 72 82 18 38 76 172 151 36 21 115 31 15 92 12 81 183
188 72 21 117 42 129 171 86 77 142 108 42 167 119 168 41 103 163 118 134 78 32 164 3 15 111 4 15 60 140 87 144 4 165 42 139 75 124 158 128 149 125 78 181 142 130 80 105 124 66 25 157 33 158 69 34
64 54 65 44 171 187 54 161 134 136 190 78 23 120 171 85 123 77 19 198 187 126 143 98 120 15 87 106 167 122 13 91 126 197 157 129 62 158 12 176 147 148 31 91 184 147 103 4 36 121 159 113 194 94 98 28
47 19 119 102 106 4 84 6 136 152 141 18 51 45 87 104 92 45 75 59 197 84 40 33 20 29 171 34 147 41 151 136 120 83 120 83 189 150 163 5 87 39 45 19 69 30 122 119 70 110 87 80 171 79 87 85
